image: map.pgm
resolution: 0.050000
origin: [-28.200000, -17.000000, 0.000000]
negate: 0
occupied_thresh: 0.650000
free_thresh: 0.196000
