[INTPARAM]
INT0=0
INT1=4
INT2=2
INT3=50
INT4=50
INT5=0
INT6=0
INT7=0
INT8=0
INT9=10
INT10=0
INT11=1
INT12=1
INT13=0
INT14=1
INT15=0
INT16=1
INT17=1
INT18=0
INT19=0
INT20=0
INT21=0
INT22=0
INT23=0
INT24=0
INT25=0
INT26=0
INT27=1
INT28=0
INT29=0
INT30=0
INT31=5
INT32=5
INT33=0
INT34=0
INT35=0
INT36=0
INT37=0
INT38=0
INT39=0
INT40=0
INT41=0
INT42=0
INT43=0
INT44=0
INT45=1
INT46=0
INT47=15
INT48=3
INT49=0
INT50=300
INT51=0
INT52=0
INT53=0
INT54=0
INT55=0
INT56=0
INT57=1
INT58=0
INT59=1
INT60=0
INT61=1
INT62=1
INT63=0
INT64=0
INT65=1
INT66=0
INT67=129
INT68=0
INT69=0
INT70=0
INT71=129
INT72=0
INT73=0
INT74=0
INT75=129
INT76=0
INT77=0
INT78=0
INT79=0
INT80=0
INT81=0
INT82=0
INT83=1
INT84=0
INT85=1
INT86=0
INT87=0
INT88=0
INT89=0
INT90=1
INT91=0
INT92=0
INT93=16
INT94=0
INT95=0
INT96=0
INT97=1000
INT98=300
INT99=0
INT100=0
INT101=0
INT102=0
INT103=0
INT104=0
INT105=2
INT106=0
INT107=4
INT108=0
INT109=10
INT110=0
INT111=0
INT112=0
INT113=0
INT114=0
INT115=0
INT116=0
INT117=0
INT118=1
INT119=0
INT120=0
INT121=1

[DBLPARAM]
DOUBLE0=-50.000000
DOUBLE1=-50.000000
DOUBLE2=100.000000
DOUBLE3=100.000000
DOUBLE4=0.000000
DOUBLE5=0.000000
DOUBLE6=1.000000
DOUBLE7=1.000000
DOUBLE8=1.000000
DOUBLE9=10.000000
DOUBLE10=15.000000
DOUBLE11=0.000000
DOUBLE12=0.000000
DOUBLE13=10.000000
DOUBLE14=0.100000
DOUBLE15=0.000000
DOUBLE16=0.000000
DOUBLE17=0.000000
DOUBLE18=0.000000
DOUBLE19=0.000000
DOUBLE20=10.000000
DOUBLE21=5.000000
DOUBLE22=0.000000
DOUBLE23=0.000000
DOUBLE24=0.000000
DOUBLE25=10.000000
DOUBLE26=0.000000
DOUBLE27=0.000000
DOUBLE28=0.000000
DOUBLE29=0.000000
DOUBLE30=24.500000
DOUBLE31=0.330000
DOUBLE32=1.000000
DOUBLE33=2.000000
DOUBLE34=3.000000
DOUBLE35=4.000000
DOUBLE36=1.000000
DOUBLE37=2.000000
DOUBLE38=3.000000
DOUBLE39=4.000000
DOUBLE40=1.000000
DOUBLE41=10.000000
DOUBLE42=10.000000
DOUBLE43=10.000000
DOUBLE44=10.000000
DOUBLE45=10.000000
DOUBLE46=0.200000
DOUBLE47=0.100000
DOUBLE48=0.050000
DOUBLE49=200.000000
DOUBLE50=5.000000
DOUBLE51=1000.000000
DOUBLE52=10000.000000
DOUBLE53=100.000000
DOUBLE54=10.000000
DOUBLE55=0.000000
DOUBLE56=1.000000
DOUBLE57=0.000000
DOUBLE58=0.000000
DOUBLE59=0.000000
DOUBLE60=10.000000
DOUBLE61=0.000000
DOUBLE62=0.500000
DOUBLE63=0.000000
DOUBLE64=1.000000
DOUBLE65=0.000000
DOUBLE66=0.000000
DOUBLE67=0.000000
DOUBLE68=10.000000
DOUBLE69=0.000000
DOUBLE70=0.500000
DOUBLE71=0.000000
DOUBLE72=1.000000
DOUBLE73=0.000000
DOUBLE74=0.000000
DOUBLE75=0.000000
DOUBLE76=10.000000
DOUBLE77=0.000000
DOUBLE78=0.500000
DOUBLE79=1.000000
DOUBLE80=1.000000
DOUBLE81=0.100000
DOUBLE82=0.100000
DOUBLE83=1.000000
DOUBLE84=1.000000
DOUBLE85=1.000000
DOUBLE86=0.000000
DOUBLE87=0.000000
DOUBLE88=1.000000
DOUBLE89=0.100000
DOUBLE90=0.010000
DOUBLE91=0.010000
DOUBLE92=-5000.000000
DOUBLE93=5000.000000
DOUBLE94=100.000000
DOUBLE95=0.000000
DOUBLE96=0.000000
DOUBLE97=0.000000
DOUBLE98=0.000000
DOUBLE99=0.000000
DOUBLE100=0.000000
DOUBLE101=0.000000
DOUBLE102=0.000000

[CLRPARAM]
COLOR0=16777215
COLOR1=0
COLOR2=13158600
COLOR3=10855068
COLOR4=3963070
COLOR5=11513775
COLOR6=0
COLOR7=16711680
COLOR8=16744960
COLOR9=16711680
COLOR10=0
COLOR11=16711680
COLOR12=255
COLOR13=65280
COLOR14=16711935
COLOR15=65535
COLOR16=8224255
COLOR17=125
COLOR18=8192125
COLOR19=8224000
COLOR20=32255
COLOR21=16743680
COLOR22=8192255
COLOR23=16743680
COLOR24=32125
COLOR25=16743805

[STRPARAM]
STRING0=D:\PROJECT\LABVIEW-PROJECTS\GENERAL UTILITY TOOL\LIBRARIES\MARKEZD\EZCAD3_RELEASE\LANG\lang_Chs.ini
STRING1=Code 39
STRING2=
STRING3=
STRING4=
STRING5=
STRING6=
STRING7=
STRING8=
STRING9=
STRING10=
STRING11=
STRING12=
STRING13=
STRING14=
STRING15=
STRING16=
STRING17=
STRING18=
STRING19=
STRING20=
STRING21=
STRING22=
STRING23=
STRING24=
STRING25=
STRING26=
STRING27=
STRING28=
STRING29=
STRING30=
STRING31=
STRING32=
STRING33=
STRING34=
STRING35=
STRING36=
STRING37=
STRING38=
STRING39=
STRING40=
STRING41=
STRING42=
STRING43=
STRING44=
STRING45=
STRING46=
STRING47=
STRING48=
STRING49=
STRING50=
STRING51=127.0.0.1

