[PARAM]
UNITTYPE=0
SHEARX=0.000000
SHEARY=0.000000

